name: ai_agent_env
channels:
  - defaults
dependencies:
  - annotated-types=0.6.0=py310haa95532_0
  - anyio=4.10.0=py310haa95532_0
  - async-timeout=4.0.3=py310haa95532_0
  - brotlicffi=1.0.9.2=py310h5da7b33_1
  - bzip2=1.0.8=h2bbff1b_6
  - ca-certificates=2025.9.9=haa95532_0
  - certifi=2025.10.5=py310haa95532_0
  - cffi=2.0.0=py310h02ab6af_0
  - charset-normalizer=3.3.2=pyhd3eb1b0_0
  - click=8.2.1=py310haa95532_0
  - colorama=0.4.6=py310haa95532_0
  - distro=1.9.0=py310haa95532_0
  - exceptiongroup=1.2.0=py310haa95532_0
  - expat=2.7.1=h8ddb27b_0
  - git=2.51.0=haa95532_1
  - greenlet=3.2.4=py310h885b0b7_0
  - h11=0.16.0=py310haa95532_0
  - httpcore=1.0.9=py310haa95532_0
  - httpx=0.28.1=py310haa95532_1
  - idna=3.7=py310haa95532_0
  - jiter=0.6.1=py310hefb1915_0
  - jsonpatch=1.33=py310haa95532_1
  - jsonpointer=3.0.0=py310haa95532_0
  - langchain=0.3.27=py310haa95532_0
  - langchain-core=0.3.77=py310haa95532_0
  - langchain-openai=0.3.16=py310haa95532_1
  - langchain-text-splitters=0.3.11=py310haa95532_0
  - langsmith=0.4.32=py310haa95532_0
  - libffi=3.4.4=hd77b12b_1
  - libzlib=1.3.1=h02ab6af_0
  - lz4-c=1.9.4=h2bbff1b_1
  - openai=1.109.1=py310haa95532_0
  - openssl=3.0.18=h543e019_0
  - orjson=3.10.14=py310h636fa0f_0
  - packaging=25.0=py310haa95532_1
  - pip=25.2=pyhc872135_1
  - pycparser=2.23=py310haa95532_0
  - pydantic=2.12.2=py310haa95532_0
  - pydantic-core=2.41.4=py310h114bc41_0
  - pysocks=1.7.1=py310haa95532_0
  - python=3.10.19=h981015d_0
  - python-dotenv=1.1.0=py310haa95532_0
  - pyyaml=6.0.2=py310h827c3e9_0
  - regex=2025.9.1=py310h02ab6af_0
  - requests=2.32.5=py310haa95532_0
  - requests-toolbelt=1.0.0=py310haa95532_0
  - setuptools=80.9.0=py310haa95532_0
  - sniffio=1.3.0=py310haa95532_0
  - sqlalchemy=2.0.43=py310hda9a48d_0
  - sqlite=3.50.2=hda9a48d_1
  - tenacity=9.1.2=py310haa95532_0
  - tiktoken=0.9.0=py310h8ecf97c_0
  - tk=8.6.15=hf199647_0
  - tqdm=4.67.1=py310h9909e9c_0
  - typing-extensions=4.15.0=py310haa95532_0
  - typing-inspection=0.4.2=py310haa95532_0
  - typing_extensions=4.15.0=py310haa95532_0
  - tzdata=2025b=h04d1e81_0
  - ucrt=10.0.22621.0=haa95532_0
  - urllib3=2.5.0=py310haa95532_0
  - vc=14.3=h2df5915_10
  - vc14_runtime=14.44.35208=h4927774_10
  - vs2015_runtime=14.44.35208=ha6b5a95_10
  - wheel=0.45.1=py310haa95532_0
  - win_inet_pton=1.1.0=py310haa95532_0
  - xz=5.6.4=h4754444_1
  - yaml=0.2.5=he774522_0
  - zlib=1.3.1=h02ab6af_0
  - zstandard=0.24.0=py310he335c29_0
  - zstd=1.5.7=h56299aa_0
prefix: D:\miniconda\envs\ai_agent_env
